-805
0
60
3289
-2221
3429
838
0
3391
377
0
2806
0
-668
-3409
2119
-835
0
-1275
-1908
-1288
-3144
-1474
656
0
3341
623
302
1464
-3269
172
0
-515
0
-3295
0
-2454
-2502
0
0
0
-859
0
-136
2644
0
496
430
0
0
900
0
-249
0
-1316
-2622
1143
0
0
-1124
-1058
0
323
0
1615
0
-404
712
431
0
0
906
0
0
0
0
1046
0
0
-475
2157
0
0
-1214
0
1602
0
2595
0
1870
0
-931
34
0
0
0
-136
-827
-828
-1033
-3336
1274
-1119
0
0
3003
0
0
-59
266
0
-3399
2324
-724
-3163
2876
-2464
-949
0
1326
3044
0
2628
0
2142
-1201
0
-209
0
-1793
966
-2594
-2604
0
0
1987
194
0
0
-2257
0
2796
3272
1813
3173
0
0
-899
0
1051
0
1889
-859
0
0
0
0
21
0
1503
-675
1782
-926
-616
2937
3100
915
961
-208
0
-1753
0
-1289
-3477
2241
1532
812
-1936
0
0
0
-1121
1634
1616
-130
0
0
0
-3334
0
0
0
0
0
-2508
0
-2248
3063
2491
3288
0
-965
-403
-356
3178
-156
-2000
-3137
-2996
-2575
-828
0
0
-400
-3065
1935
-1639
0
0
-2432
0
0
0
-2987
770
0
-3142
195
2964
0
0
585
0
0
0
-3309
-1689
-2470
2435
3092
-3308
1849
-3234
0
-1444
-1520
569
0
-2752
-74
0
2463
-3088
0
0
-1564
